34888
34824
34744
34712
34600
34568
34520
34504
34440
34312
34184
34184
34152
34088
34056
33944
33896
33864
33832
33752
33720
33672
33560
33496
33512
33400
33352
33288
33320
33192
33160
33112
33128
33080
32968
32952
32936
32952
32808
32808
32727
32679
32615
32679
32663
32679
32647
32631
32679
32711
32679
32695
32776
32808
32808
32872
32872
32872
32904
32936
33000
33048
33080
33160
33080
33160
33096
33208
33128
33160
33128
33160
33080
33176
33160
33192
33112
33208
33160
33208
33176
33096
33128
33208
33112
33160
33112
33032
33064
33032
32968
32984
32984
32968
32904
32920
32920
32920
32936
32872
32824
32824
32808
32824
32824
32792
32776
32792
32808
32792
32776
32711
32792
32776
32776
32776
32808
32792
32792
32727
32776
32824
32840
32808
32824
32824
32904
32904
32904
32984
32872
32920
32984
32984
32984
33032
33032
32952
33032
33032
33032
33016
33080
33032
33096
33064
33000
33048
33080
33096
33096
33080
33128
33048
33080
33080
33016
33080
33064
33096
33032
33000
33000
32968
33000
32968
32952
32952
32936
32872
32936
32952
32872
32968
32888
32856
32856
32952
32920
32904
32936
32968
32888
32920
32872
32920
32936
32888
32936
32936
32968
32968
32968
33032
33032
33080
33176
33304
33336
33384
33544
33608
33720
33832
33928
33992
34104
34200
34344
34424
34568
34568
34632
34712
34856
34792
34888
34904
34904
34904
34856
34872
34872
34856
34824
34760
34664
34696
34632
34520
34360
34344
34312
34232
34152
34088
34024
33960
33928
33816
33768
33736
33704
33608
33608
33544
33448
33464
33448
33352
33240
33208
33128
33096
33000
32984
32952
32840
32792
32840
32663
32727
32663
32663
32615
32535
32551
32615
32583
32583
32519
32487
32583
32583
32615
32679
32599
32679
32695
32776
32727
32727
32840
32856
32856
32968
32920
33000
32952
32920
32952
32920
3300